1172
2491
2690
